{
  "cells": [
    {
      "cell_type": "markdown",
      "metadata": {
        "id": "view-in-github",
        "colab_type": "text"
      },
      "source": [
        "<a href=\"https://colab.research.google.com/github/aakashr30/Iris-Method/blob/main/IRIS_Method.ipynb\" target=\"_parent\"><img src=\"https://colab.research.google.com/assets/colab-badge.svg\" alt=\"Open In Colab\"/></a>"
      ]
    },
    {
      "cell_type": "code",
      "execution_count": null,
      "metadata": {
        "id": "FKs_RRrNcsTT"
      },
      "outputs": [],
      "source": [
        "import sklearn\n",
        "from sklearn.datasets import load_iris"
      ]
    },
    {
      "cell_type": "code",
      "execution_count": null,
      "metadata": {
        "id": "sT8D8cp1SxTH"
      },
      "outputs": [],
      "source": [
        "data = load_iris()"
      ]
    },
    {
      "cell_type": "code",
      "execution_count": null,
      "metadata": {
        "colab": {
          "base_uri": "https://localhost:8080/"
        },
        "id": "mibOc7MUS8CD",
        "outputId": "ecc8c025-25a7-47b7-b82c-3b634fdf8701"
      },
      "outputs": [
        {
          "output_type": "execute_result",
          "data": {
            "text/plain": [
              "dict_keys(['data', 'target', 'frame', 'target_names', 'DESCR', 'feature_names', 'filename', 'data_module'])"
            ]
          },
          "metadata": {},
          "execution_count": 4
        }
      ],
      "source": [
        "data.keys()"
      ]
    },
    {
      "cell_type": "code",
      "execution_count": null,
      "metadata": {
        "id": "FkZ0nQiOS_HU"
      },
      "outputs": [],
      "source": [
        "x = data.data"
      ]
    },
    {
      "cell_type": "code",
      "execution_count": null,
      "metadata": {
        "id": "-dWvtVN2TOVt"
      },
      "outputs": [],
      "source": [
        "y = data.target\n"
      ]
    },
    {
      "cell_type": "code",
      "execution_count": null,
      "metadata": {
        "colab": {
          "base_uri": "https://localhost:8080/"
        },
        "id": "2tL6RW3BTo05",
        "outputId": "0cfe1ad7-5889-4c62-ef58-a26a01fa0651"
      },
      "outputs": [
        {
          "output_type": "execute_result",
          "data": {
            "text/plain": [
              "(array([[5.1, 3.5, 1.4, 0.2],\n",
              "        [4.9, 3. , 1.4, 0.2],\n",
              "        [4.7, 3.2, 1.3, 0.2],\n",
              "        [4.6, 3.1, 1.5, 0.2],\n",
              "        [5. , 3.6, 1.4, 0.2],\n",
              "        [5.4, 3.9, 1.7, 0.4],\n",
              "        [4.6, 3.4, 1.4, 0.3],\n",
              "        [5. , 3.4, 1.5, 0.2],\n",
              "        [4.4, 2.9, 1.4, 0.2],\n",
              "        [4.9, 3.1, 1.5, 0.1],\n",
              "        [5.4, 3.7, 1.5, 0.2],\n",
              "        [4.8, 3.4, 1.6, 0.2],\n",
              "        [4.8, 3. , 1.4, 0.1],\n",
              "        [4.3, 3. , 1.1, 0.1],\n",
              "        [5.8, 4. , 1.2, 0.2],\n",
              "        [5.7, 4.4, 1.5, 0.4],\n",
              "        [5.4, 3.9, 1.3, 0.4],\n",
              "        [5.1, 3.5, 1.4, 0.3],\n",
              "        [5.7, 3.8, 1.7, 0.3],\n",
              "        [5.1, 3.8, 1.5, 0.3],\n",
              "        [5.4, 3.4, 1.7, 0.2],\n",
              "        [5.1, 3.7, 1.5, 0.4],\n",
              "        [4.6, 3.6, 1. , 0.2],\n",
              "        [5.1, 3.3, 1.7, 0.5],\n",
              "        [4.8, 3.4, 1.9, 0.2],\n",
              "        [5. , 3. , 1.6, 0.2],\n",
              "        [5. , 3.4, 1.6, 0.4],\n",
              "        [5.2, 3.5, 1.5, 0.2],\n",
              "        [5.2, 3.4, 1.4, 0.2],\n",
              "        [4.7, 3.2, 1.6, 0.2],\n",
              "        [4.8, 3.1, 1.6, 0.2],\n",
              "        [5.4, 3.4, 1.5, 0.4],\n",
              "        [5.2, 4.1, 1.5, 0.1],\n",
              "        [5.5, 4.2, 1.4, 0.2],\n",
              "        [4.9, 3.1, 1.5, 0.2],\n",
              "        [5. , 3.2, 1.2, 0.2],\n",
              "        [5.5, 3.5, 1.3, 0.2],\n",
              "        [4.9, 3.6, 1.4, 0.1],\n",
              "        [4.4, 3. , 1.3, 0.2],\n",
              "        [5.1, 3.4, 1.5, 0.2],\n",
              "        [5. , 3.5, 1.3, 0.3],\n",
              "        [4.5, 2.3, 1.3, 0.3],\n",
              "        [4.4, 3.2, 1.3, 0.2],\n",
              "        [5. , 3.5, 1.6, 0.6],\n",
              "        [5.1, 3.8, 1.9, 0.4],\n",
              "        [4.8, 3. , 1.4, 0.3],\n",
              "        [5.1, 3.8, 1.6, 0.2],\n",
              "        [4.6, 3.2, 1.4, 0.2],\n",
              "        [5.3, 3.7, 1.5, 0.2],\n",
              "        [5. , 3.3, 1.4, 0.2],\n",
              "        [7. , 3.2, 4.7, 1.4],\n",
              "        [6.4, 3.2, 4.5, 1.5],\n",
              "        [6.9, 3.1, 4.9, 1.5],\n",
              "        [5.5, 2.3, 4. , 1.3],\n",
              "        [6.5, 2.8, 4.6, 1.5],\n",
              "        [5.7, 2.8, 4.5, 1.3],\n",
              "        [6.3, 3.3, 4.7, 1.6],\n",
              "        [4.9, 2.4, 3.3, 1. ],\n",
              "        [6.6, 2.9, 4.6, 1.3],\n",
              "        [5.2, 2.7, 3.9, 1.4],\n",
              "        [5. , 2. , 3.5, 1. ],\n",
              "        [5.9, 3. , 4.2, 1.5],\n",
              "        [6. , 2.2, 4. , 1. ],\n",
              "        [6.1, 2.9, 4.7, 1.4],\n",
              "        [5.6, 2.9, 3.6, 1.3],\n",
              "        [6.7, 3.1, 4.4, 1.4],\n",
              "        [5.6, 3. , 4.5, 1.5],\n",
              "        [5.8, 2.7, 4.1, 1. ],\n",
              "        [6.2, 2.2, 4.5, 1.5],\n",
              "        [5.6, 2.5, 3.9, 1.1],\n",
              "        [5.9, 3.2, 4.8, 1.8],\n",
              "        [6.1, 2.8, 4. , 1.3],\n",
              "        [6.3, 2.5, 4.9, 1.5],\n",
              "        [6.1, 2.8, 4.7, 1.2],\n",
              "        [6.4, 2.9, 4.3, 1.3],\n",
              "        [6.6, 3. , 4.4, 1.4],\n",
              "        [6.8, 2.8, 4.8, 1.4],\n",
              "        [6.7, 3. , 5. , 1.7],\n",
              "        [6. , 2.9, 4.5, 1.5],\n",
              "        [5.7, 2.6, 3.5, 1. ],\n",
              "        [5.5, 2.4, 3.8, 1.1],\n",
              "        [5.5, 2.4, 3.7, 1. ],\n",
              "        [5.8, 2.7, 3.9, 1.2],\n",
              "        [6. , 2.7, 5.1, 1.6],\n",
              "        [5.4, 3. , 4.5, 1.5],\n",
              "        [6. , 3.4, 4.5, 1.6],\n",
              "        [6.7, 3.1, 4.7, 1.5],\n",
              "        [6.3, 2.3, 4.4, 1.3],\n",
              "        [5.6, 3. , 4.1, 1.3],\n",
              "        [5.5, 2.5, 4. , 1.3],\n",
              "        [5.5, 2.6, 4.4, 1.2],\n",
              "        [6.1, 3. , 4.6, 1.4],\n",
              "        [5.8, 2.6, 4. , 1.2],\n",
              "        [5. , 2.3, 3.3, 1. ],\n",
              "        [5.6, 2.7, 4.2, 1.3],\n",
              "        [5.7, 3. , 4.2, 1.2],\n",
              "        [5.7, 2.9, 4.2, 1.3],\n",
              "        [6.2, 2.9, 4.3, 1.3],\n",
              "        [5.1, 2.5, 3. , 1.1],\n",
              "        [5.7, 2.8, 4.1, 1.3],\n",
              "        [6.3, 3.3, 6. , 2.5],\n",
              "        [5.8, 2.7, 5.1, 1.9],\n",
              "        [7.1, 3. , 5.9, 2.1],\n",
              "        [6.3, 2.9, 5.6, 1.8],\n",
              "        [6.5, 3. , 5.8, 2.2],\n",
              "        [7.6, 3. , 6.6, 2.1],\n",
              "        [4.9, 2.5, 4.5, 1.7],\n",
              "        [7.3, 2.9, 6.3, 1.8],\n",
              "        [6.7, 2.5, 5.8, 1.8],\n",
              "        [7.2, 3.6, 6.1, 2.5],\n",
              "        [6.5, 3.2, 5.1, 2. ],\n",
              "        [6.4, 2.7, 5.3, 1.9],\n",
              "        [6.8, 3. , 5.5, 2.1],\n",
              "        [5.7, 2.5, 5. , 2. ],\n",
              "        [5.8, 2.8, 5.1, 2.4],\n",
              "        [6.4, 3.2, 5.3, 2.3],\n",
              "        [6.5, 3. , 5.5, 1.8],\n",
              "        [7.7, 3.8, 6.7, 2.2],\n",
              "        [7.7, 2.6, 6.9, 2.3],\n",
              "        [6. , 2.2, 5. , 1.5],\n",
              "        [6.9, 3.2, 5.7, 2.3],\n",
              "        [5.6, 2.8, 4.9, 2. ],\n",
              "        [7.7, 2.8, 6.7, 2. ],\n",
              "        [6.3, 2.7, 4.9, 1.8],\n",
              "        [6.7, 3.3, 5.7, 2.1],\n",
              "        [7.2, 3.2, 6. , 1.8],\n",
              "        [6.2, 2.8, 4.8, 1.8],\n",
              "        [6.1, 3. , 4.9, 1.8],\n",
              "        [6.4, 2.8, 5.6, 2.1],\n",
              "        [7.2, 3. , 5.8, 1.6],\n",
              "        [7.4, 2.8, 6.1, 1.9],\n",
              "        [7.9, 3.8, 6.4, 2. ],\n",
              "        [6.4, 2.8, 5.6, 2.2],\n",
              "        [6.3, 2.8, 5.1, 1.5],\n",
              "        [6.1, 2.6, 5.6, 1.4],\n",
              "        [7.7, 3. , 6.1, 2.3],\n",
              "        [6.3, 3.4, 5.6, 2.4],\n",
              "        [6.4, 3.1, 5.5, 1.8],\n",
              "        [6. , 3. , 4.8, 1.8],\n",
              "        [6.9, 3.1, 5.4, 2.1],\n",
              "        [6.7, 3.1, 5.6, 2.4],\n",
              "        [6.9, 3.1, 5.1, 2.3],\n",
              "        [5.8, 2.7, 5.1, 1.9],\n",
              "        [6.8, 3.2, 5.9, 2.3],\n",
              "        [6.7, 3.3, 5.7, 2.5],\n",
              "        [6.7, 3. , 5.2, 2.3],\n",
              "        [6.3, 2.5, 5. , 1.9],\n",
              "        [6.5, 3. , 5.2, 2. ],\n",
              "        [6.2, 3.4, 5.4, 2.3],\n",
              "        [5.9, 3. , 5.1, 1.8]]),\n",
              " array([0, 0, 0, 0, 0, 0, 0, 0, 0, 0, 0, 0, 0, 0, 0, 0, 0, 0, 0, 0, 0, 0,\n",
              "        0, 0, 0, 0, 0, 0, 0, 0, 0, 0, 0, 0, 0, 0, 0, 0, 0, 0, 0, 0, 0, 0,\n",
              "        0, 0, 0, 0, 0, 0, 1, 1, 1, 1, 1, 1, 1, 1, 1, 1, 1, 1, 1, 1, 1, 1,\n",
              "        1, 1, 1, 1, 1, 1, 1, 1, 1, 1, 1, 1, 1, 1, 1, 1, 1, 1, 1, 1, 1, 1,\n",
              "        1, 1, 1, 1, 1, 1, 1, 1, 1, 1, 1, 1, 2, 2, 2, 2, 2, 2, 2, 2, 2, 2,\n",
              "        2, 2, 2, 2, 2, 2, 2, 2, 2, 2, 2, 2, 2, 2, 2, 2, 2, 2, 2, 2, 2, 2,\n",
              "        2, 2, 2, 2, 2, 2, 2, 2, 2, 2, 2, 2, 2, 2, 2, 2, 2, 2]))"
            ]
          },
          "metadata": {},
          "execution_count": 7
        }
      ],
      "source": [
        "x,y"
      ]
    },
    {
      "cell_type": "code",
      "execution_count": null,
      "metadata": {
        "id": "ClmcTQR5TYUr"
      },
      "outputs": [],
      "source": [
        "from sklearn.model_selection import train_test_split"
      ]
    },
    {
      "cell_type": "code",
      "execution_count": null,
      "metadata": {
        "id": "liKnDzNKTkuX"
      },
      "outputs": [],
      "source": [
        "x_train,x_test,y_train,y_test = train_test_split(x,y,test_size=0.40,random_state=47)"
      ]
    },
    {
      "cell_type": "code",
      "execution_count": null,
      "metadata": {
        "colab": {
          "base_uri": "https://localhost:8080/"
        },
        "id": "pPUGcD8yT9MV",
        "outputId": "cf2ca665-2545-46f3-c36d-4bceaec8a476"
      },
      "outputs": [
        {
          "output_type": "stream",
          "name": "stdout",
          "text": [
            "(90, 4)\n",
            "(60, 4)\n",
            "(90,)\n",
            "(60,)\n"
          ]
        }
      ],
      "source": [
        "print(x_train.shape)\n",
        "print(x_test.shape)\n",
        "print(y_train.shape)\n",
        "print(y_test.shape)"
      ]
    },
    {
      "cell_type": "code",
      "execution_count": null,
      "metadata": {
        "id": "W3P1mLhDUJRO"
      },
      "outputs": [],
      "source": [
        "#classification\n",
        "from sklearn.linear_model import LogisticRegression"
      ]
    },
    {
      "cell_type": "code",
      "execution_count": null,
      "metadata": {
        "id": "jKgOEGg4UVMl"
      },
      "outputs": [],
      "source": [
        "model = LogisticRegression()"
      ]
    },
    {
      "cell_type": "code",
      "execution_count": null,
      "metadata": {
        "colab": {
          "base_uri": "https://localhost:8080/"
        },
        "id": "4wu02hI8Ud5z",
        "outputId": "efc8d120-c141-4270-cb10-7787403da04d"
      },
      "outputs": [
        {
          "output_type": "execute_result",
          "data": {
            "text/plain": [
              "LogisticRegression()"
            ]
          },
          "metadata": {},
          "execution_count": 13
        }
      ],
      "source": [
        "model.fit(x_train,y_train)"
      ]
    },
    {
      "cell_type": "code",
      "execution_count": null,
      "metadata": {
        "id": "QFyVrAd0UiMh"
      },
      "outputs": [],
      "source": [
        "pre = model.predict(x_test)"
      ]
    },
    {
      "cell_type": "code",
      "execution_count": null,
      "metadata": {
        "colab": {
          "base_uri": "https://localhost:8080/"
        },
        "id": "NwYYiNoPUpm3",
        "outputId": "3eb46f94-a517-4a01-f8b0-0bbeed3ba3f4"
      },
      "outputs": [
        {
          "output_type": "execute_result",
          "data": {
            "text/plain": [
              "array([[9.59024173e-01, 4.09755870e-02, 2.39610940e-07],\n",
              "       [9.67378844e-01, 3.26209733e-02, 1.82355246e-07],\n",
              "       [1.97784787e-02, 9.10520436e-01, 6.97010849e-02],\n",
              "       [9.49411794e-01, 5.05874295e-02, 7.76069669e-07],\n",
              "       [9.75012682e-01, 2.49871390e-02, 1.79342667e-07],\n",
              "       [3.60240658e-07, 1.28183479e-02, 9.87181292e-01],\n",
              "       [2.98662779e-02, 9.13538595e-01, 5.65951271e-02],\n",
              "       [2.02058180e-05, 4.97361061e-02, 9.50243688e-01],\n",
              "       [1.70664178e-02, 9.06813776e-01, 7.61198059e-02],\n",
              "       [9.69977619e-01, 3.00221461e-02, 2.34940931e-07],\n",
              "       [1.41266373e-04, 1.87960288e-01, 8.11898446e-01],\n",
              "       [9.59004989e-01, 4.09945913e-02, 4.19495416e-07],\n",
              "       [2.19932708e-02, 9.22072832e-01, 5.59338967e-02],\n",
              "       [3.03559003e-06, 3.62134212e-02, 9.63783543e-01],\n",
              "       [1.67324050e-03, 4.52629713e-01, 5.45697047e-01],\n",
              "       [9.91579766e-06, 5.34534188e-02, 9.46536665e-01],\n",
              "       [1.16157684e-02, 9.68086830e-01, 2.02974021e-02],\n",
              "       [9.52035868e-01, 4.79638040e-02, 3.28183143e-07],\n",
              "       [9.29332919e-01, 7.06663558e-02, 7.25498141e-07],\n",
              "       [9.62818733e-01, 3.71811385e-02, 1.29014391e-07],\n",
              "       [2.28842472e-05, 4.39323720e-02, 9.56044744e-01],\n",
              "       [3.33844967e-03, 8.15436630e-01, 1.81224920e-01],\n",
              "       [1.16899611e-03, 2.67685507e-01, 7.31145497e-01],\n",
              "       [7.25561357e-04, 5.27715417e-01, 4.71559022e-01],\n",
              "       [4.06726448e-05, 7.26767336e-02, 9.27282594e-01],\n",
              "       [4.90441134e-07, 9.51662178e-03, 9.90482888e-01],\n",
              "       [7.04047189e-03, 8.10204726e-01, 1.82754802e-01],\n",
              "       [3.85569396e-05, 3.72085559e-02, 9.62752887e-01],\n",
              "       [9.57562903e-01, 4.24366247e-02, 4.72243244e-07],\n",
              "       [9.34554600e-01, 6.54434010e-02, 1.99860759e-06],\n",
              "       [1.92223756e-05, 1.00639005e-01, 8.99341773e-01],\n",
              "       [6.06890293e-03, 8.21722490e-01, 1.72208607e-01],\n",
              "       [2.93191910e-06, 4.60227412e-02, 9.53974327e-01],\n",
              "       [9.65015233e-01, 3.49844607e-02, 3.05952955e-07],\n",
              "       [2.48276560e-03, 5.00462484e-01, 4.97054751e-01],\n",
              "       [9.75709014e-01, 2.42908695e-02, 1.16390151e-07],\n",
              "       [9.23560191e-01, 7.64380061e-02, 1.80310001e-06],\n",
              "       [9.62537266e-01, 3.74625043e-02, 2.29640178e-07],\n",
              "       [2.37058144e-04, 1.87633814e-01, 8.12129128e-01],\n",
              "       [9.75081623e-01, 2.49182299e-02, 1.47285849e-07],\n",
              "       [1.05729101e-02, 9.21173852e-01, 6.82532379e-02],\n",
              "       [9.77638589e-01, 2.23613649e-02, 4.66320622e-08],\n",
              "       [4.24526510e-06, 1.07464778e-02, 9.89249277e-01],\n",
              "       [9.55500014e-01, 4.44996608e-02, 3.25283290e-07],\n",
              "       [2.21426462e-07, 1.30766719e-02, 9.86923107e-01],\n",
              "       [9.91564719e-01, 8.43525838e-03, 2.25777425e-08],\n",
              "       [1.69169288e-05, 9.24995582e-02, 9.07483525e-01],\n",
              "       [9.41163084e-01, 5.88362253e-02, 6.90613871e-07],\n",
              "       [8.82114923e-05, 1.36498370e-01, 8.63413418e-01],\n",
              "       [4.76264942e-04, 3.39971853e-01, 6.59551882e-01],\n",
              "       [9.38228528e-01, 6.17708723e-02, 5.99818559e-07],\n",
              "       [5.93734522e-02, 9.30447375e-01, 1.01791730e-02],\n",
              "       [1.39225746e-04, 9.69603161e-02, 9.02900458e-01],\n",
              "       [3.85797371e-03, 8.85275232e-01, 1.10866795e-01],\n",
              "       [9.66842340e-01, 3.31574223e-02, 2.37903284e-07],\n",
              "       [9.55093455e-01, 4.49061277e-02, 4.17342481e-07],\n",
              "       [1.75448813e-02, 8.84596751e-01, 9.78583680e-02],\n",
              "       [1.25028654e-04, 7.17881269e-02, 9.28086844e-01],\n",
              "       [8.49533601e-06, 2.91003120e-02, 9.70891193e-01],\n",
              "       [9.74069954e-01, 2.59298622e-02, 1.83303620e-07]])"
            ]
          },
          "metadata": {},
          "execution_count": 15
        }
      ],
      "source": [
        "model.predict_proba(x_test)"
      ]
    },
    {
      "cell_type": "code",
      "execution_count": null,
      "metadata": {
        "id": "SOZ5rSVuUxHn"
      },
      "outputs": [],
      "source": [
        "from sklearn.metrics import accuracy_score\n",
        "from sklearn.metrics import confusion_matrix\n",
        "from sklearn.metrics import classification_report\n",
        "from sklearn.tree import DecisionTreeClassifier"
      ]
    },
    {
      "cell_type": "code",
      "execution_count": null,
      "metadata": {
        "colab": {
          "base_uri": "https://localhost:8080/"
        },
        "id": "MrV-qsSrU9w_",
        "outputId": "121a7649-a2b3-4b3f-d761-9b290e4944eb"
      },
      "outputs": [
        {
          "output_type": "execute_result",
          "data": {
            "text/plain": [
              "0.9666666666666667"
            ]
          },
          "metadata": {},
          "execution_count": 17
        }
      ],
      "source": [
        "accuracy_score(y_test,pre)"
      ]
    },
    {
      "cell_type": "code",
      "source": [
        "confusion_matrix(y_test,pre)"
      ],
      "metadata": {
        "colab": {
          "base_uri": "https://localhost:8080/"
        },
        "id": "iTkwCuha6_Vx",
        "outputId": "907d3bca-0a86-49d3-8d5a-05fbd964ce52"
      },
      "execution_count": null,
      "outputs": [
        {
          "output_type": "execute_result",
          "data": {
            "text/plain": [
              "array([[24,  0,  0],\n",
              "       [ 0, 12,  0],\n",
              "       [ 0,  2, 22]])"
            ]
          },
          "metadata": {},
          "execution_count": 18
        }
      ]
    },
    {
      "cell_type": "code",
      "source": [
        "classification_report(y_test,pre)"
      ],
      "metadata": {
        "colab": {
          "base_uri": "https://localhost:8080/",
          "height": 70
        },
        "id": "osqVysJ87HQK",
        "outputId": "91ea3aa8-c71e-41a1-da10-e9397e13d396"
      },
      "execution_count": null,
      "outputs": [
        {
          "output_type": "execute_result",
          "data": {
            "text/plain": [
              "'              precision    recall  f1-score   support\\n\\n           0       1.00      1.00      1.00        24\\n           1       0.86      1.00      0.92        12\\n           2       1.00      0.92      0.96        24\\n\\n    accuracy                           0.97        60\\n   macro avg       0.95      0.97      0.96        60\\nweighted avg       0.97      0.97      0.97        60\\n'"
            ],
            "application/vnd.google.colaboratory.intrinsic+json": {
              "type": "string"
            }
          },
          "metadata": {},
          "execution_count": 19
        }
      ]
    },
    {
      "cell_type": "markdown",
      "metadata": {
        "id": "Ys_pddSOS3iw"
      },
      "source": [
        "iris.keys()"
      ]
    }
  ],
  "metadata": {
    "colab": {
      "name": "IRIS Method.ipynb",
      "provenance": [],
      "authorship_tag": "ABX9TyNMdXmempiIhjWqBkwLjQWc",
      "include_colab_link": true
    },
    "kernelspec": {
      "display_name": "Python 3",
      "name": "python3"
    },
    "language_info": {
      "name": "python"
    }
  },
  "nbformat": 4,
  "nbformat_minor": 0
}